1550135938.446486 0 0 0 1550135938.446486.jpg
1550135938.752291 0 0 0 1550135938.752291.jpg
1550135938.942147 0 0 0 1550135938.942147.jpg
1550135939.121069 0 0 0 1550135939.121069.jpg
1550135939.312384 0 0 0 1550135939.312384.jpg
1550135939.468916 0 0 0 1550135939.468916.jpg
1550135939.646852 0 0 0 1550135939.646852.jpg
1550135939.813450 0 0 0 1550135939.813450.jpg
1550135939.992788 0 0 0 1550135939.992788.jpg
1550135940.141473 0 0 0 1550135940.141473.jpg
1550135940.315318 0 0 0 1550135940.315318.jpg
1550135940.445532 0 0 0 1550135940.445532.jpg
1550135940.620500 0 0 0 1550135940.620500.jpg
1550135940.750159 0 0 0 1550135940.750159.jpg
1550135940.934375 0 0 0 1550135940.934375.jpg
1550135941.060785 0 0 0 1550135941.060785.jpg
1550135941.211945 0 0 0 1550135941.211945.jpg
1550135941.413427 0 0 0 1550135941.413427.jpg
1550135941.586694 0 0 0 1550135941.586694.jpg
1550135941.736232 0 0 0 1550135941.736232.jpg
1550135941.883591 0 0 0 1550135941.883591.jpg
1550135942.023142 0 0 0 1550135942.023142.jpg
1550135942.203795 0 0 0 1550135942.203795.jpg
1550135942.398154 0 0 0 1550135942.398154.jpg
1550135942.539560 0 0 0 1550135942.539560.jpg
1550135942.873482 0 0 0 1550135942.873482.jpg
1550135943.014327 0 0 0 1550135943.014327.jpg
1550135943.296561 0 0 0 1550135943.296561.jpg
1550135943.446104 0 0 0 1550135943.446104.jpg
1550135943.648470 0 0 0 1550135943.648470.jpg
1550135943.799700 0 0 0 1550135943.799700.jpg
1550135943.935669 0.00617474 9.99375e-08 5.13587e-05 1550135943.935669.jpg
1550135944.108098 0.0261082 2.36075e-06 0.000217156 1550135944.108098.jpg
1550135944.294670 0.0429453 6.80802e-06 0.000357199 1550135944.294670.jpg
1550135944.467327 0.0553419 1.12362e-05 0.000460309 1550135944.467327.jpg
1550135944.616082 0.0753699 2.1681e-05 0.000626893 1550135944.616082.jpg
1550135944.801870 0.112892 4.98648e-05 0.000938987 1550135944.801870.jpg
1550135944.978194 0.165401 0.00010837 0.00137573 1550135944.978194.jpg
1550135945.194109 0.215864 0.000186152 0.00179546 1550135945.194109.jpg
1550135945.375960 0.26953 0.000291243 0.00224183 1550135945.375960.jpg
1550135945.520769 0.323577 0.000422006 0.00269137 1550135945.520769.jpg
1550135945.694418 0.409177 0.00067751 0.00340335 1550135945.694418.jpg
1550135945.924600 0.510064 0.0010534 0.00424165 1550135945.924600.jpg
1550135946.116628 0.569097 0.00131489 0.00472557 1550135946.116628.jpg
1550135946.281446 0.669098 0.0018167 0.00551907 1550135946.281446.jpg
1550135946.467243 0.864693 0.00302778 0.00706485 1550135946.467243.jpg
1550135946.660565 0.864693 0.00302778 0.00706485 1550135946.660565.jpg
1550135946.821437 1.00148 0.00405103 0.00814586 1550135946.821437.jpg
1550135947.053948 1.10406 0.00491815 0.00895661 1550135947.053948.jpg
1550135947.191010 1.21004 0.00590023 0.00979418 1550135947.191010.jpg
1550135947.319275 1.31123 0.00692178 0.0105939 1550135947.319275.jpg
1550135947.487604 1.41446 0.0080446 0.0114097 1550135947.487604.jpg
1550135947.623597 1.51898 0.00926884 0.0122358 1550135947.623597.jpg
1550135947.763509 1.68699 0.0114218 0.0135637 1550135947.763509.jpg
1550135947.913524 1.791 0.0128666 0.0143857 1550135947.913524.jpg
1550135948.092644 1.93749 0.0150405 0.0155435 1550135948.092644.jpg
1550135948.289478 1.93749 0.0150405 0.0155435 1550135948.289478.jpg
1550135948.477972 2.03532 0.016585 0.0163168 1550135948.477972.jpg
1550135948.633797 2.2322 0.0199349 0.0178729 1550135948.633797.jpg
1550135948.803621 2.34309 0.0219526 0.0187494 1550135948.803621.jpg
1550135948.971115 2.45237 0.0240377 0.0196132 1550135948.971115.jpg
1550135949.174632 2.45237 0.0240377 0.0196132 1550135949.174632.jpg
1550135949.347959 2.57393 0.0264671 0.020574 1550135949.347959.jpg
1550135949.584274 2.66022 0.0282637 0.0212561 1550135949.584274.jpg
1550135949.724614 2.76522 0.0305276 0.0220861 1550135949.724614.jpg
1550135949.915488 2.92254 0.0340838 0.0233297 1550135949.915488.jpg
1550135950.050881 2.99499 0.0357885 0.0239046 1550135950.050881.jpg
1550135950.193079 3.08399 0.0379391 0.0246192 1550135950.193079.jpg
1550135950.337430 3.19306 0.0406604 0.0255319 1550135950.337430.jpg
1550135950.513771 3.19306 0.0406604 0.0255319 1550135950.513771.jpg
1550135950.670456 3.28617 0.0430639 0.0263639 1550135950.670456.jpg
1550135950.833421 3.44313 0.0472958 0.027796 1550135950.833421.jpg
1550135951.125628 3.55504 0.0504504 0.0288172 1550135951.125628.jpg
1550135951.309020 3.67008 0.0538113 0.0299354 1550135951.309020.jpg
1550135951.491257 3.78611 0.0573486 0.0312891 1550135951.491257.jpg
1550135951.656525 3.86756 0.0599251 0.0322743 1550135951.656525.jpg
1550135951.816722 4.05891 0.0663027 0.0347772 1550135951.816722.jpg
1550135952.004166 4.17008 0.0702405 0.0365549 1550135952.004166.jpg
1550135952.168886 4.20183 0.0714016 0.0370894 1550135952.168886.jpg
1550135952.311827 4.28439 0.0745138 0.03877 1550135952.311827.jpg
1550135952.450198 4.36443 0.0776705 0.0405302 1550135952.450198.jpg
1550135952.634246 4.44065 0.0808022 0.0422431 1550135952.634246.jpg
1550135952.770087 4.56057 0.0859977 0.0450016 1550135952.770087.jpg
1550135952.978711 4.67533 0.0912838 0.0477878 1550135952.978711.jpg
1550135953.147912 4.89493 0.102354 0.0536324 1550135953.147912.jpg
1550135953.330133 4.97505 0.106709 0.0557973 1550135953.330133.jpg
1550135953.514618 4.97505 0.106709 0.0557973 1550135953.514618.jpg
1550135953.683447 5.11575 0.114773 0.0596856 1550135953.683447.jpg
1550135953.867517 5.24032 0.122399 0.0635458 1550135953.867517.jpg
1550135954.052711 5.3829 0.131757 0.0686687 1550135954.052711.jpg
1550135954.176370 5.54661 0.143491 0.0757268 1550135954.176370.jpg
1550135954.377527 5.54661 0.143491 0.0757268 1550135954.377527.jpg
1550135954.542151 5.6501 0.15153 0.081157 1550135954.542151.jpg
1550135954.689088 5.83606 0.167537 0.0928247 1550135954.689088.jpg
1550135954.825642 5.94234 0.177693 0.100579 1550135954.825642.jpg
1550135954.984242 6.0525 0.189182 0.109726 1550135954.984242.jpg
1550135955.146151 6.13877 0.198881 0.117583 1550135955.146151.jpg
1550135955.310471 6.28589 0.217122 0.132588 1550135955.310471.jpg
1550135955.466175 6.40915 0.234246 0.146553 1550135955.466175.jpg
1550135955.649417 6.5114 0.249807 0.159149 1550135955.649417.jpg
1550135955.853560 6.5114 0.249807 0.159149 1550135955.853560.jpg
1550135956.015564 6.61279 0.266472 0.172662 1550135956.015564.jpg
1550135956.341300 6.80475 0.302263 0.200131 1550135956.341300.jpg
1550135956.463027 6.93695 0.3302 0.220422 1550135956.463027.jpg
1550135956.632183 7.02221 0.34979 0.234152 1550135956.632183.jpg
1550135956.791934 7.07442 0.362398 0.242854 1550135956.791934.jpg
1550135956.995686 7.16123 0.38437 0.257754 1550135956.995686.jpg
1550135957.142440 7.3769 0.445172 0.295966 1550135957.142440.jpg
1550135957.326397 7.3769 0.445172 0.295966 1550135957.326397.jpg
1550135957.561613 7.47095 0.474447 0.312763 1550135957.561613.jpg
1550135957.741599 7.58388 0.51199 0.333076 1550135957.741599.jpg
1550135957.881854 7.69973 0.553218 0.354224 1550135957.881854.jpg
1550135958.017035 7.79641 0.589688 0.372102 1550135958.017035.jpg
1550135958.195083 7.86266 0.615861 0.384455 1550135958.195083.jpg
1550135958.362201 7.86266 0.615861 0.384455 1550135958.362201.jpg
1550135958.498426 7.97845 0.663874 0.406198 1550135958.498426.jpg
1550135958.745734 8.08286 0.709688 0.425977 1550135958.745734.jpg
1550135958.920290 8.19704 0.762692 0.447871 1550135958.920290.jpg
1550135959.089826 8.29317 0.809788 0.466872 1550135959.089826.jpg
1550135959.235682 8.4006 0.865173 0.489053 1550135959.235682.jpg
1550135959.416743 8.46055 0.897414 0.501812 1550135959.416743.jpg
1550135959.689286 8.59635 0.974099 0.531338 1550135959.689286.jpg
1550135959.982059 8.67021 1.01808 0.547882 1550135959.982059.jpg
1550135960.144708 8.824 1.11518 0.583422 1550135960.144708.jpg
1550135960.314672 8.87125 1.14662 0.594625 1550135960.314672.jpg
1550135960.564286 9.01861 1.24952 0.630341 1550135960.564286.jpg
1550135960.882318 9.07613 1.29196 0.644634 1550135960.882318.jpg
1550135961.021931 9.16404 1.35913 0.666835 1550135961.021931.jpg
1550135961.152415 9.22548 1.40809 0.682645 1550135961.152415.jpg
1550135961.316573 9.30493 1.4738 0.703407 1550135961.316573.jpg
1550135961.455139 9.37717 1.53593 0.722597 1550135961.455139.jpg
1550135961.593980 9.47348 1.62273 0.748698 1550135961.593980.jpg
1550135961.755113 9.52939 1.67512 0.764102 1550135961.755113.jpg
1550135961.913123 9.60311 1.74678 0.784769 1550135961.913123.jpg
1550135962.041566 9.66897 1.81345 0.803611 1550135962.041566.jpg
1550135962.338140 9.71295 1.8594 0.816398 1550135962.338140.jpg
1550135962.458386 9.82686 1.98388 0.850322 1550135962.458386.jpg
1550135962.589250 9.93624 2.11225 0.884215 1550135962.589250.jpg
1550135962.820840 9.93624 2.11225 0.884215 1550135962.820840.jpg
1550135962.969840 10.0168 2.21237 0.909951 1550135962.969840.jpg
1550135963.105533 10.1026 2.32547 0.937939 1550135963.105533.jpg
1550135963.357964 10.1851 2.44057 0.965662 1550135963.357964.jpg
1550135963.539169 10.2629 2.55553 0.992665 1550135963.539169.jpg
1550135963.742414 10.3372 2.67203 1.01954 1550135963.742414.jpg
1550135963.905801 10.4554 2.8731 1.06498 1550135963.905801.jpg
1550135964.090796 10.5201 2.9929 1.09154 1550135964.090796.jpg
1550135964.241434 10.5882 3.12748 1.12096 1550135964.241434.jpg
1550135964.423685 10.6118 3.17656 1.1316 1550135964.423685.jpg
1550135964.585905 10.6804 3.32777 1.16404 1550135964.585905.jpg
1550135964.733932 10.7428 3.47738 1.19578 1550135964.733932.jpg
1550135964.879277 10.8027 3.63507 1.22885 1550135964.879277.jpg
1550135965.068248 10.8393 3.74085 1.25079 1550135965.068248.jpg
1550135965.226521 10.8908 3.90284 1.28403 1550135965.226521.jpg
1550135965.402402 10.8908 3.90284 1.28403 1550135965.402402.jpg
1550135965.560151 10.9357 4.06145 1.31539 1550135965.560151.jpg
1550135965.684067 10.9673 4.18712 1.33929 1550135965.684067.jpg
1550135965.846098 10.9865 4.27051 1.35436 1550135965.846098.jpg
1550135966.029144 11.0201 4.43105 1.38206 1550135966.029144.jpg
1550135966.191416 11.0481 4.58575 1.40655 1550135966.191416.jpg
1550135966.366322 11.0721 4.73882 1.42985 1550135966.366322.jpg
1550135966.534884 11.0895 4.86837 1.44926 1550135966.534884.jpg
1550135966.681614 11.099 4.9492 1.46133 1550135966.681614.jpg
1550135966.858248 11.1143 5.10027 1.48378 1550135966.858248.jpg
1550135967.028469 11.1259 5.24746 1.50544 1550135967.028469.jpg
1550135967.235468 11.1368 5.44954 1.53403 1550135967.235468.jpg
1550135967.485266 11.1399 5.54625 1.54627 1550135967.485266.jpg
1550135967.638670 11.143 5.7978 1.57365 1550135967.638670.jpg
1550135967.782330 11.143 5.7978 1.57365 1550135967.782330.jpg
1550135967.986506 11.1416 5.95427 1.5876 1550135967.986506.jpg
1550135968.191132 11.1387 6.09651 1.59781 1550135968.191132.jpg
1550135968.334089 11.1363 6.17925 1.60286 1550135968.334089.jpg
1550135968.490545 11.1325 6.28939 1.60867 1550135968.490545.jpg
1550135968.690946 11.1269 6.42789 1.61446 1550135968.690946.jpg
1550135968.865047 11.1197 6.58623 1.61962 1550135968.865047.jpg
1550135968.996348 11.1116 6.74515 1.62321 1550135968.996348.jpg
1550135969.177451 11.1057 6.85705 1.62511 1550135969.177451.jpg
1550135969.317935 11.1028 6.90936 1.62518 1550135969.317935.jpg
1550135969.480767 11.0979 6.99941 1.62502 1550135969.480767.jpg
1550135969.623125 11.0923 7.10421 1.62462 1550135969.623125.jpg
1550135969.760868 11.0815 7.30615 1.62379 1550135969.760868.jpg
1550135969.968010 11.0815 7.30615 1.62379 1550135969.968010.jpg
1550135970.128785 11.0752 7.42386 1.62331 1550135970.128785.jpg
1550135970.285451 11.0633 7.65213 1.62237 1550135970.285451.jpg
1550135970.587792 11.0539 7.83613 1.62162 1550135970.587792.jpg
1550135970.841442 11.0434 8.04319 1.62077 1550135970.841442.jpg
1550135971.127235 11.0387 8.13719 1.62039 1550135971.127235.jpg
1550135971.274602 11.0293 8.32784 1.6196 1550135971.274602.jpg
1550135971.440995 11.0203 8.5143 1.61884 1550135971.440995.jpg
1550135971.653838 11.0173 8.57759 1.61858 1550135971.653838.jpg
1550135971.785170 11.0125 8.67676 1.61822 1550135971.785170.jpg
1550135971.923538 11.0073 8.78689 1.61806 1550135971.923538.jpg
1550135972.100417 11.0035 8.86827 1.61797 1550135972.100417.jpg
1550135972.255327 10.9979 8.98628 1.61784 1550135972.255327.jpg
1550135972.442782 10.9825 9.31478 1.61747 1550135972.442782.jpg
1550135972.642555 10.9825 9.31478 1.61747 1550135972.642555.jpg
1550135972.866701 10.9747 9.4808 1.61729 1550135972.866701.jpg
1550135973.042644 10.9702 9.57837 1.61718 1550135973.042644.jpg
1550135973.205418 10.9628 9.73905 1.61705 1550135973.205418.jpg
1550135973.390333 10.9569 9.86551 1.61701 1550135973.390333.jpg
1550135973.563161 10.9533 9.94281 1.61701 1550135973.563161.jpg
1550135973.734689 10.9468 10.084 1.61701 1550135973.734689.jpg
1550135973.911628 10.9353 10.3326 1.61702 1550135973.911628.jpg
1550135974.069421 10.9311 10.4241 1.61702 1550135974.069421.jpg
1550135974.267573 10.925 10.5559 1.61703 1550135974.267573.jpg
1550135974.420487 10.9197 10.6695 1.61703 1550135974.420487.jpg
1550135974.602104 10.9154 10.762 1.61703 1550135974.602104.jpg
1550135974.745733 10.9101 10.8766 1.61704 1550135974.745733.jpg
1550135974.872837 10.9057 10.9716 1.61704 1550135974.872837.jpg
1550135975.029464 10.9005 11.0839 1.61704 1550135975.029464.jpg
1550135975.153126 10.8964 11.1732 1.61704 1550135975.153126.jpg
1550135975.323218 10.8893 11.3093 1.65111 1550135975.323218.jpg
1550135975.449240 10.8747 11.4472 1.70722 1550135975.449240.jpg
1550135975.654551 10.8747 11.4472 1.70722 1550135975.654551.jpg
1550135975.820092 10.8603 11.5522 1.70722 1550135975.820092.jpg
1550135975.984858 10.8387 11.7099 1.70722 1550135975.984858.jpg
1550135976.193495 10.8233 11.8216 1.70723 1550135976.193495.jpg
1550135976.382788 10.8022 11.9755 1.70723 1550135976.382788.jpg
1550135976.559963 10.7905 12.0612 1.70723 1550135976.559963.jpg
1550135976.770979 10.773 12.1885 1.70724 1550135976.770979.jpg
1550135976.936556 10.7512 12.3474 1.70724 1550135976.936556.jpg
1550135977.133792 10.7388 12.4376 1.70724 1550135977.133792.jpg
1550135977.291287 10.7254 12.5351 1.70725 1550135977.291287.jpg
1550135977.469413 10.6889 12.8009 1.70725 1550135977.469413.jpg
1550135977.671502 10.6889 12.8009 1.70725 1550135977.671502.jpg
1550135977.855038 10.6758 12.896 1.70725 1550135977.855038.jpg
1550135978.048854 10.6483 13.0965 1.70726 1550135978.048854.jpg
1550135978.340481 10.6369 13.1798 1.70726 1550135978.340481.jpg
1550135978.478716 10.6173 13.322 1.70735 1550135978.478716.jpg
1550135978.639638 10.6031 13.4257 1.70753 1550135978.639638.jpg
1550135978.799914 10.5876 13.5379 1.70776 1550135978.799914.jpg
1550135978.975714 10.5744 13.634 1.70795 1550135978.975714.jpg
1550135979.110376 10.5595 13.7415 1.70816 1550135979.110376.jpg
1550135979.269241 10.5433 13.8589 1.70839 1550135979.269241.jpg
1550135979.401405 10.5135 14.074 1.70881 1550135979.401405.jpg
1550135979.593582 10.5135 14.074 1.70881 1550135979.593582.jpg
1550135979.805283 10.5013 14.1613 1.70898 1550135979.805283.jpg
1550135979.936193 10.4737 14.3597 1.70937 1550135979.936193.jpg
1550135980.095734 10.4581 14.4714 1.70959 1550135980.095734.jpg
1550135980.253556 10.4454 14.5623 1.70977 1550135980.253556.jpg
1550135980.529710 10.4258 14.7022 1.71004 1550135980.529710.jpg
1550135980.693520 10.4105 14.8116 1.71026 1550135980.693520.jpg
1550135980.829994 10.3963 14.9124 1.71046 1550135980.829994.jpg
1550135980.999589 10.3793 15.0333 1.71069 1550135980.999589.jpg
1550135981.168743 10.3632 15.1475 1.71092 1550135981.168743.jpg
1550135981.346507 10.3471 15.2619 1.71114 1550135981.346507.jpg
1550135981.496689 10.3178 15.4693 1.7114 1550135981.496689.jpg
1550135981.665418 10.2921 15.6509 1.71152 1550135981.665418.jpg
1550135981.799106 10.2759 15.7651 1.7116 1550135981.799106.jpg
1550135982.037456 10.2688 15.8151 1.71165 1550135982.037456.jpg
1550135982.238500 10.2502 15.9461 1.71188 1550135982.238500.jpg
1550135982.380302 10.2234 16.1345 1.71224 1550135982.380302.jpg
1550135982.583554 10.2234 16.1345 1.71224 1550135982.583554.jpg
1550135982.715134 10.2097 16.231 1.71243 1550135982.715134.jpg
1550135982.847395 10.1782 16.4516 1.71285 1550135982.847395.jpg
1550135983.028677 10.1556 16.6097 1.71314 1550135983.028677.jpg
1550135983.205473 10.1326 16.7694 1.71346 1550135983.205473.jpg
1550135983.418180 10.1326 16.7694 1.71346 1550135983.418180.jpg
1550135983.635129 10.1175 16.8745 1.71368 1550135983.635129.jpg
1550135983.771905 10.0878 17.0797 1.71649 1550135983.771905.jpg
1550135983.905102 10.0732 17.1785 1.71848 1550135983.905102.jpg
1550135984.131513 10.067 17.2206 1.71945 1550135984.131513.jpg
1550135984.267002 10.0534 17.3107 1.72152 1550135984.267002.jpg
1550135984.426605 10.039 17.4052 1.72368 1550135984.426605.jpg
1550135984.588205 10.0204 17.5249 1.72628 1550135984.588205.jpg
1550135984.840859 10.0085 17.6004 1.72783 1550135984.840859.jpg
1550135984.987784 9.9755 17.807 1.73103 1550135984.987784.jpg
1550135985.121465 9.95956 17.9053 1.73202 1550135985.121465.jpg
1550135985.339368 9.94052 18.0222 1.73256 1550135985.339368.jpg
1550135985.513612 9.94052 18.0222 1.73256 1550135985.513612.jpg
1550135985.686058 9.91642 18.1697 1.7331 1550135985.686058.jpg
1550135985.860818 9.90281 18.2527 1.73339 1550135985.860818.jpg
1550135985.996959 9.88594 18.3555 1.73376 1550135985.996959.jpg
1550135986.141408 9.87535 18.4199 1.73399 1550135986.141408.jpg
1550135986.289584 9.85792 18.5257 1.73437 1550135986.289584.jpg
1550135986.463868 9.83731 18.6504 1.73481 1550135986.463868.jpg
1550135986.649424 9.82327 18.7352 1.73512 1550135986.649424.jpg
1550135986.898996 9.79026 18.9339 1.73583 1550135986.898996.jpg
1550135987.063750 9.77239 19.0411 1.73621 1550135987.063750.jpg
1550135987.225440 9.75446 19.1484 1.73659 1550135987.225440.jpg
1550135987.351294 9.71898 19.36 1.73735 1550135987.351294.jpg
1550135987.515289 9.70177 19.4623 1.73771 1550135987.515289.jpg
1550135987.693425 9.6877 19.5458 1.73801 1550135987.693425.jpg
1550135987.855150 9.6709 19.6452 1.73837 1550135987.855150.jpg
1550135987.993234 9.65398 19.7452 1.73873 1550135987.993234.jpg
1550135988.147372 9.63014 19.8857 1.73919 1550135988.147372.jpg
1550135988.314152 9.63014 19.8857 1.73919 1550135988.314152.jpg
1550135988.524258 9.61322 19.9851 1.73947 1550135988.524258.jpg
1550135988.674967 9.5773 20.1959 1.73984 1550135988.674967.jpg
1550135988.853080 9.56149 20.2884 1.73996 1550135988.853080.jpg
1550135989.016945 9.54898 20.3617 1.74005 1550135989.016945.jpg
1550135989.178772 9.53653 20.4345 1.74011 1550135989.178772.jpg
1550135989.319827 9.51803 20.5427 1.74018 1550135989.319827.jpg
1550135989.457031 9.50264 20.6327 1.74023 1550135989.457031.jpg
1550135989.618827 9.48729 20.7224 1.74025 1550135989.618827.jpg
1550135989.797002 9.48729 20.7224 1.74025 1550135989.797002.jpg
1550135989.950405 9.4695 20.8264 1.74018 1550135989.950405.jpg
1550135990.157697 9.44358 20.9781 1.7399 1550135990.157697.jpg
1550135990.297437 9.42945 21.0609 1.73973 1550135990.297437.jpg
1550135990.452824 9.4227 21.1004 1.73965 1550135990.452824.jpg
1550135990.594209 9.41036 21.1729 1.73951 1550135990.594209.jpg
1550135990.722220 9.38839 21.302 1.73905 1550135990.722220.jpg
1550135990.909687 9.38839 21.302 1.73905 1550135990.909687.jpg
1550135991.087739 9.37136 21.4024 1.7387 1550135991.087739.jpg
1550135991.259263 9.35109 21.5221 1.73823 1550135991.259263.jpg
1550135991.420067 9.33903 21.5935 1.73783 1550135991.420067.jpg
1550135991.603731 9.31798 21.7186 1.73689 1550135991.603731.jpg
1550135991.821445 9.30294 21.8085 1.73598 1550135991.821445.jpg
1550135991.986001 9.28779 21.8995 1.73503 1550135991.986001.jpg
1550135992.156685 9.25303 22.1105 1.73294 1550135992.156685.jpg
1550135992.342149 9.23473 22.2225 1.73224 1550135992.342149.jpg
1550135992.473305 9.2227 22.2965 1.73177 1550135992.473305.jpg
1550135992.680732 9.20443 22.4091 1.73123 1550135992.680732.jpg
1550135992.803876 9.18949 22.5015 1.73096 1550135992.803876.jpg
1550135992.999073 9.17445 22.5947 1.73084 1550135992.999073.jpg
1550135993.140502 9.1544 22.7189 1.73067 1550135993.140502.jpg
1550135993.323484 9.1544 22.7189 1.73067 1550135993.323484.jpg
1550135993.502771 9.13612 22.8323 1.73052 1550135993.502771.jpg
1550135993.642823 9.12258 22.9164 1.73042 1550135993.642823.jpg
1550135993.832593 9.10621 23.0181 1.7303 1550135993.832593.jpg
1550135994.025935 9.08288 23.1632 1.73012 1550135994.025935.jpg
1550135994.181456 9.06694 23.2624 1.73003 1550135994.181456.jpg
1550135994.334599 9.04752 23.3834 1.72997 1550135994.334599.jpg
1550135994.549782 9.03465 23.4635 1.72993 1550135994.549782.jpg
1550135994.692177 9.00387 23.6554 1.72994 1550135994.692177.jpg
1550135994.976053 8.98683 23.7615 1.73001 1550135994.976053.jpg
1550135995.148074 8.97253 23.8505 1.73007 1550135995.148074.jpg
1550135995.326873 8.93715 24.0707 1.73022 1550135995.326873.jpg
1550135995.495405 8.927 24.1338 1.73026 1550135995.495405.jpg
1550135995.632544 8.90024 24.3002 1.73037 1550135995.632544.jpg
1550135995.803627 8.90024 24.3002 1.73037 1550135995.803627.jpg
1550135995.976688 8.88046 24.4231 1.73045 1550135995.976688.jpg
1550135996.178343 8.84249 24.6587 1.7306 1550135996.178343.jpg
1550135996.392981 8.82934 24.7403 1.73066 1550135996.392981.jpg
1550135996.517614 8.81155 24.8507 1.73073 1550135996.517614.jpg
1550135996.650984 8.79174 24.9734 1.73081 1550135996.650984.jpg
1550135996.820571 8.77861 25.0548 1.7309 1550135996.820571.jpg
1550135996.993533 8.75543 25.1982 1.73129 1550135996.993533.jpg
1550135997.128554 8.73908 25.2991 1.73161 1550135997.128554.jpg
1550135997.359347 8.71864 25.425 1.73202 1550135997.359347.jpg
1550135997.520587 8.71864 25.425 1.73202 1550135997.520587.jpg
1550135997.734138 8.69817 25.5507 1.73244 1550135997.734138.jpg
1550135997.881450 8.65911 25.7897 1.73323 1550135997.881450.jpg
1550135998.060394 8.64153 25.8969 1.73358 1550135998.060394.jpg
1550135998.264447 8.63326 25.9473 1.73375 1550135998.264447.jpg
1550135998.419007 8.61574 26.0537 1.7341 1550135998.419007.jpg
1550135998.615682 8.59631 26.1716 1.73448 1550135998.615682.jpg
1550135998.789075 8.57727 26.2868 1.73481 1550135998.789075.jpg
1550135998.933403 8.55223 26.4379 1.7352 1550135998.933403.jpg
1550135999.132236 8.54584 26.4764 1.7353 1550135999.132236.jpg
1550135999.282346 8.52784 26.5848 1.73556 1550135999.282346.jpg
1550135999.433698 8.5107 26.6878 1.73577 1550135999.433698.jpg
1550135999.712437 8.49603 26.7759 1.73594 1550135999.712437.jpg
1550135999.879605 8.47037 26.9297 1.73625 1550135999.879605.jpg
1550136000.180333 8.44993 27.0521 1.73648 1550136000.180333.jpg
1550136000.383262 8.4384 27.121 1.73659 1550136000.383262.jpg
1550136000.529455 8.40713 27.3078 1.7368 1550136000.529455.jpg
1550136000.666055 8.39212 27.3973 1.73686 1550136000.666055.jpg
1550136000.848212 8.3771 27.487 1.73687 1550136000.848212.jpg
1550136001.002194 8.3771 27.487 1.73687 1550136001.002194.jpg
1550136001.170125 8.35892 27.5954 1.73686 1550136001.170125.jpg
1550136001.482835 8.32814 27.7791 1.73677 1550136001.482835.jpg
1550136001.652910 8.29665 27.9671 1.73665 1550136001.652910.jpg
1550136001.806103 8.29665 27.9671 1.73665 1550136001.806103.jpg
1550136001.984207 8.27356 28.1051 1.73656 1550136001.984207.jpg
1550136002.210229 8.24645 28.2672 1.73646 1550136002.210229.jpg
1550136002.453679 8.22637 28.3873 1.73639 1550136002.453679.jpg
1550136002.645777 8.20331 28.5253 1.7363 1550136002.645777.jpg
1550136002.890629 8.18736 28.6208 1.7363 1550136002.890629.jpg
1550136003.020435 8.16557 28.7512 1.73664 1550136003.020435.jpg
1550136003.223588 8.15357 28.8228 1.73714 1550136003.223588.jpg
1550136003.363350 8.12425 28.9967 1.73901 1550136003.363350.jpg
1550136003.525433 8.10699 29.098 1.7404 1550136003.525433.jpg
1550136003.701446 8.09628 29.1605 1.74148 1550136003.701446.jpg
1550136003.891881 8.08875 29.2042 1.74243 1550136003.891881.jpg
1550136004.045407 8.07695 29.272 1.74399 1550136004.045407.jpg
1550136004.257486 8.05993 29.3688 1.74622 1550136004.257486.jpg
1550136004.415545 8.04113 29.4743 1.74864 1550136004.415545.jpg
1550136004.572475 8.02916 29.5406 1.75017 1550136004.572475.jpg
1550136004.710910 8.01148 29.6377 1.7524 1550136004.710910.jpg
1550136004.901440 7.99857 29.7077 1.75392 1550136004.901440.jpg
1550136005.091073 7.98218 29.796 1.75574 1550136005.091073.jpg
1550136005.221792 7.94703 29.9822 1.75926 1550136005.221792.jpg
1550136005.361415 7.92428 30.101 1.76101 1550136005.361415.jpg
1550136005.545321 7.90876 30.1815 1.76215 1550136005.545321.jpg
1550136005.722406 7.89707 30.2418 1.76301 1550136005.722406.jpg
1550136005.845470 7.86337 30.414 1.76541 1550136005.845470.jpg
1550136006.035278 7.86337 30.414 1.76541 1550136006.035278.jpg
1550136006.233997 7.83422 30.5614 1.76739 1550136006.233997.jpg
1550136006.360922 7.81626 30.6513 1.76859 1550136006.360922.jpg
1550136006.549043 7.79339 30.7651 1.77011 1550136006.549043.jpg
1550136006.700135 7.77021 30.8795 1.77163 1550136006.700135.jpg
1550136006.868044 7.74179 31.0187 1.77349 1550136006.868044.jpg
1550136006.995659 7.7177 31.1355 1.77505 1550136006.995659.jpg
1550136007.232987 7.69261 31.2563 1.7767 1550136007.232987.jpg
1550136007.375504 7.64108 31.501 1.78044 1550136007.375504.jpg
1550136007.517420 7.60231 31.6822 1.78347 1550136007.517420.jpg
1550136007.695701 7.56391 31.8589 1.78667 1550136007.695701.jpg
1550136007.921421 7.56391 31.8589 1.78667 1550136007.921421.jpg
1550136008.112914 7.5408 31.964 1.78857 1550136008.112914.jpg
1550136008.257148 7.50006 32.147 1.7916 1550136008.257148.jpg
1550136008.478960 7.45876 32.3302 1.79363 1550136008.478960.jpg
1550136008.645495 7.43472 32.4362 1.79381 1550136008.645495.jpg
1550136008.772616 7.41599 32.5188 1.79375 1550136008.772616.jpg
1550136008.950725 7.38155 32.6708 1.79265 1550136008.950725.jpg
1550136009.144380 7.31516 32.9683 1.78714 1550136009.144380.jpg
1550136009.332808 7.31516 32.9683 1.78714 1550136009.332808.jpg
1550136009.515044 7.26652 33.1917 1.78267 1550136009.515044.jpg
1550136009.645414 7.23419 33.3428 1.77965 1550136009.645414.jpg
1550136009.805412 7.20293 33.4911 1.77672 1550136009.805412.jpg
1550136010.003102 7.20293 33.4911 1.77672 1550136010.003102.jpg
1550136010.181045 7.17819 33.61 1.77463 1550136010.181045.jpg
1550136010.333302 7.12937 33.8479 1.77183 1550136010.333302.jpg
1550136010.525184 7.10003 33.9921 1.77077 1550136010.525184.jpg
1550136010.651343 7.07531 34.1143 1.7699 1550136010.651343.jpg
1550136010.860113 7.05159 34.232 1.769 1550136010.860113.jpg
1550136010.985787 7.0231 34.3742 1.76758 1550136010.985787.jpg
1550136011.162369 7.00396 34.4704 1.76635 1550136011.162369.jpg
1550136011.335450 7.00396 34.4704 1.76635 1550136011.335450.jpg
1550136011.476814 6.97627 34.6107 1.76432 1550136011.476814.jpg
1550136011.661840 6.94369 34.7778 1.76186 1550136011.661840.jpg
1550136011.880757 6.92047 34.8983 1.7601 1550136011.880757.jpg
1550136012.047130 6.8761 35.1318 1.75671 1550136012.047130.jpg
1550136012.225496 6.8761 35.1318 1.75671 1550136012.225496.jpg
1550136012.363260 6.83236 35.3663 1.7535 1550136012.363260.jpg
1550136012.526013 6.80558 35.5117 1.75192 1550136012.526013.jpg
1550136012.722119 6.80558 35.5117 1.75192 1550136012.722119.jpg
1550136012.887813 6.78 35.6517 1.75087 1550136012.887813.jpg
1550136013.102200 6.75441 35.7925 1.75003 1550136013.102200.jpg
1550136013.288387 6.72923 35.9317 1.74919 1550136013.288387.jpg
1550136013.477611 6.69815 36.1045 1.74815 1550136013.477611.jpg
1550136013.640738 6.68319 36.1881 1.74765 1550136013.640738.jpg
1550136013.833419 6.65838 36.3271 1.74685 1550136013.833419.jpg
1550136014.001871 6.62006 36.5432 1.74575 1550136014.001871.jpg
1550136014.158098 6.59652 36.6764 1.74559 1550136014.158098.jpg
1550136014.326851 6.57209 36.8148 1.74541 1550136014.326851.jpg
1550136014.502334 6.55187 36.9294 1.74526 1550136014.502334.jpg
1550136014.689458 6.55187 36.9294 1.74526 1550136014.689458.jpg
1550136014.849043 6.52824 37.0636 1.74509 1550136014.849043.jpg
1550136015.038492 6.50553 37.1926 1.74492 1550136015.038492.jpg
1550136015.169256 6.48879 37.2878 1.7448 1550136015.169256.jpg
1550136015.311765 6.47086 37.3898 1.74467 1550136015.311765.jpg
1550136015.467157 6.45372 37.4874 1.74454 1550136015.467157.jpg
1550136015.596385 6.43815 37.5762 1.74443 1550136015.596385.jpg
1550136015.788548 6.40706 37.7535 1.7442 1550136015.788548.jpg
1550136015.967790 6.38007 37.9077 1.744 1550136015.967790.jpg
1550136016.149453 6.35249 38.0654 1.7438 1550136016.149453.jpg
1550136016.354430 6.33288 38.1776 1.74365 1550136016.354430.jpg
1550136016.479168 6.31398 38.2859 1.74351 1550136016.479168.jpg
1550136016.619540 6.29512 38.3941 1.74337 1550136016.619540.jpg
1550136016.801438 6.27312 38.5203 1.74321 1550136016.801438.jpg
1550136016.947900 6.25843 38.6047 1.7431 1550136016.947900.jpg
1550136017.147722 6.24401 38.6876 1.743 1550136017.147722.jpg
1550136017.282649 6.21907 38.831 1.74281 1550136017.282649.jpg
1550136017.424369 6.19834 38.9504 1.74266 1550136017.424369.jpg
1550136017.634900 6.18467 39.0292 1.74256 1550136017.634900.jpg
1550136017.814562 6.17676 39.0747 1.7425 1550136017.814562.jpg
1550136017.961449 6.16455 39.1452 1.74241 1550136017.961449.jpg
1550136018.157278 6.1451 39.2575 1.74226 1550136018.157278.jpg
1550136018.313676 6.11461 39.4336 1.74203 1550136018.313676.jpg
1550136018.488428 6.10222 39.5052 1.74194 1550136018.488428.jpg
1550136018.628582 6.0896 39.5783 1.74185 1550136018.628582.jpg
1550136018.881765 6.07634 39.6551 1.74175 1550136018.881765.jpg
1550136019.030923 6.0531 39.7897 1.74158 1550136019.030923.jpg
1550136019.239892 6.03265 39.9084 1.74142 1550136019.239892.jpg
1550136019.446890 6.01215 40.0274 1.74127 1550136019.446890.jpg
1550136019.592935 5.99519 40.1259 1.74114 1550136019.592935.jpg
1550136019.722638 5.96367 40.3093 1.74091 1550136019.722638.jpg
1550136019.901914 5.96367 40.3093 1.74091 1550136019.901914.jpg
1550136020.064046 5.94197 40.4356 1.74074 1550136020.064046.jpg
1550136020.223709 5.92807 40.5167 1.74064 1550136020.223709.jpg
1550136020.371376 5.90703 40.6394 1.74048 1550136020.371376.jpg
1550136020.498188 5.87899 40.8031 1.74027 1550136020.498188.jpg
1550136020.677819 5.87899 40.8031 1.74027 1550136020.677819.jpg
1550136020.845460 5.86027 40.9126 1.74013 1550136020.845460.jpg
1550136020.979556 5.84103 41.0251 1.73998 1550136020.979556.jpg
1550136021.118785 5.80918 41.2117 1.73974 1550136021.118785.jpg
1550136021.304045 5.80918 41.2117 1.73974 1550136021.304045.jpg
1550136021.477160 5.79128 41.3167 1.73961 1550136021.477160.jpg
1550136021.674779 5.76885 41.4484 1.73944 1550136021.674779.jpg
1550136021.817573 5.75214 41.5465 1.73931 1550136021.817573.jpg
1550136021.947074 5.73432 41.6513 1.73918 1550136021.947074.jpg
1550136022.128869 5.71723 41.7519 1.73905 1550136022.128869.jpg
1550136022.265939 5.69177 41.9018 1.73886 1550136022.265939.jpg
1550136022.403505 5.67561 41.9971 1.73884 1550136022.403505.jpg
1550136022.585393 5.65622 42.1112 1.7395 1550136022.585393.jpg
1550136022.751431 5.64314 42.188 1.74012 1550136022.751431.jpg
1550136022.932133 5.63484 42.2365 1.74063 1550136022.932133.jpg
1550136023.084946 5.62715 42.2813 1.7411 1550136023.084946.jpg
1550136023.224191 5.58987 42.4964 1.7445 1550136023.224191.jpg
1550136023.552518 5.55592 42.6876 1.74952 1550136023.552518.jpg
1550136023.738454 5.54086 42.7705 1.75231 1550136023.738454.jpg
1550136023.869440 5.52585 42.8519 1.75529 1550136023.869440.jpg
1550136024.011439 5.50597 42.9575 1.75967 1550136024.011439.jpg
1550136024.158750 5.48954 43.043 1.76354 1550136024.158750.jpg
1550136024.444836 5.46728 43.1559 1.76906 1550136024.444836.jpg
1550136024.596855 5.44036 43.2882 1.77605 1550136024.596855.jpg
1550136024.777169 5.41421 43.4122 1.78288 1550136024.777169.jpg
1550136024.965471 5.38384 43.5513 1.79069 1550136024.965471.jpg
1550136025.159682 5.34619 43.7165 1.8013 1550136025.159682.jpg
1550136025.328729 5.32562 43.8032 1.80759 1550136025.328729.jpg
1550136025.513440 5.29256 43.938 1.81802 1550136025.513440.jpg
1550136025.672027 5.26323 44.0525 1.82818 1550136025.672027.jpg
1550136025.851757 5.23209 44.1691 1.8402 1550136025.851757.jpg
1550136026.137838 5.17294 44.3745 1.86645 1550136026.137838.jpg
1550136026.303430 5.12252 44.5349 1.89 1550136026.303430.jpg
1550136026.447922 5.09352 44.6214 1.90338 1550136026.447922.jpg
1550136026.597437 5.05601 44.7277 1.92049 1550136026.597437.jpg
1550136026.772872 5.02293 44.8171 1.93517 1550136026.772872.jpg
1550136026.924565 4.95158 44.9971 1.96745 1550136026.924565.jpg
1550136027.179521 4.89489 45.129 1.99271 1550136027.179521.jpg
1550136027.369542 4.82859 45.2725 2.02144 1550136027.369542.jpg
1550136027.584266 4.71659 45.4927 2.06705 1550136027.584266.jpg
1550136027.742503 4.64349 45.6242 2.09694 1550136027.742503.jpg
1550136027.905393 4.64349 45.6242 2.09694 1550136027.905393.jpg
1550136028.081550 4.5621 45.7606 2.12981 1550136028.081550.jpg
1550136028.277992 4.4674 45.9076 2.16733 1550136028.277992.jpg
1550136028.578657 4.26603 46.1828 2.24398 1550136028.578657.jpg
1550136028.721330 4.16604 46.3047 2.27967 1550136028.721330.jpg
1550136028.904599 4.06302 46.4216 2.31512 1550136028.904599.jpg
1550136029.101223 4.0287 46.4589 2.32665 1550136029.101223.jpg
1550136029.269188 3.94644 46.5443 2.35365 1550136029.269188.jpg
1550136029.420993 3.86085 46.6285 2.38098 1550136029.420993.jpg
1550136029.631862 3.78261 46.7019 2.40539 1550136029.631862.jpg
1550136029.775757 3.60396 46.8569 2.45921 1550136029.775757.jpg
1550136030.060549 3.49922 46.9403 2.48968 1550136030.060549.jpg
1550136030.203469 3.29462 47.0886 2.54719 1550136030.203469.jpg
1550136030.344188 3.19053 47.1575 2.57559 1550136030.344188.jpg
1550136030.529668 3.07315 47.2304 2.60703 1550136030.529668.jpg
1550136030.691715 3.07315 47.2304 2.60703 1550136030.691715.jpg
1550136030.827951 2.93172 47.3113 2.64411 1550136030.827951.jpg
1550136031.014200 2.78796 47.3866 2.68104 1550136031.014200.jpg
1550136031.226992 2.68939 47.4346 2.70598 1550136031.226992.jpg
1550136031.375634 2.43573 47.5443 2.76888 1550136031.375634.jpg
1550136031.664777 2.30817 47.5925 2.79991 1550136031.664777.jpg
1550136031.845670 2.13989 47.6494 2.8403 1550136031.845670.jpg
1550136032.018208 2.01755 47.686 2.86917 1550136032.018208.jpg
1550136032.147761 1.90371 47.7165 2.89528 1550136032.147761.jpg
1550136032.299164 1.77522 47.7474 2.92383 1550136032.299164.jpg
1550136032.448584 1.57966 47.7871 2.96512 1550136032.448584.jpg
1550136032.597013 1.57966 47.7871 2.96512 1550136032.597013.jpg
1550136032.780955 1.43377 47.8116 2.994 1550136032.780955.jpg
1550136032.937582 1.33693 47.8254 3.01183 1550136032.937582.jpg
1550136033.239916 1.12667 47.8495 3.04839 1550136033.239916.jpg
1550136033.362339 0.867575 47.8687 3.09107 1550136033.362339.jpg
1550136033.558662 0.867575 47.8687 3.09107 1550136033.558662.jpg
1550136033.745749 0.723666 47.875 3.11206 1550136033.745749.jpg
1550136033.925462 0.505931 47.8786 3.14186 1550136033.925462.jpg
1550136034.075133 0.398147 47.878 3.15509 1550136034.075133.jpg
1550136034.251690 0.398147 47.878 3.15509 1550136034.251690.jpg
1550136034.408411 0.277639 47.8759 3.16824 1550136034.408411.jpg
1550136034.528036 0.171151 47.8726 3.17934 1550136034.528036.jpg
1550136034.761451 0.0721101 47.8684 3.18968 1550136034.761451.jpg
1550136034.958151 -0.0651217 47.8611 3.20321 1550136034.958151.jpg
1550136035.109757 -0.121155 47.8576 3.20848 1550136035.109757.jpg
1550136035.253149 -0.338116 47.8411 3.22889 1550136035.253149.jpg
1550136035.448252 -0.338116 47.8411 3.22889 1550136035.448252.jpg
1550136035.613623 -0.446727 47.8312 3.23898 1550136035.613623.jpg
1550136035.952388 -0.601402 47.8151 3.25262 1550136035.952388.jpg
1550136036.089122 -0.79786 47.7918 3.26713 1550136036.089122.jpg
1550136036.242581 -0.885587 47.7806 3.27077 1550136036.242581.jpg
1550136036.449434 -0.885587 47.7806 3.27077 1550136036.449434.jpg
1550136036.597944 -0.975398 47.7689 3.27368 1550136036.597944.jpg
1550136036.767755 -1.0486 47.7591 3.27523 1550136036.767755.jpg
1550136036.897604 -1.27117 47.7287 3.2799 1550136036.897604.jpg
1550136037.097200 -1.36516 47.7155 3.28187 1550136037.097200.jpg
1550136037.285164 -1.45963 47.7021 3.28385 1550136037.285164.jpg
1550136037.453625 -1.57686 47.6852 3.28629 1550136037.453625.jpg
1550136037.616631 -1.65338 47.6741 3.28789 1550136037.616631.jpg
1550136037.792453 -1.77289 47.6563 3.29038 1550136037.792453.jpg
1550136037.938108 -1.87656 47.6407 3.2925 1550136037.938108.jpg
1550136038.105440 -1.97915 47.625 3.29437 1550136038.105440.jpg
1550136038.252483 -2.08303 47.609 3.296 1550136038.252483.jpg
1550136038.426984 -2.21156 47.5889 3.29779 1550136038.426984.jpg
1550136038.584571 -2.2771 47.5785 3.29867 1550136038.584571.jpg
1550136038.759255 -2.40945 47.5575 3.30046 1550136038.759255.jpg
1550136038.889231 -2.54276 47.536 3.30225 1550136038.889231.jpg
1550136039.071492 -2.65415 47.5179 3.30375 1550136039.071492.jpg
1550136039.258640 -2.69974 47.5104 3.30437 1550136039.258640.jpg
1550136039.424515 -2.85777 47.4844 3.30648 1550136039.424515.jpg
1550136039.584951 -3.01275 47.4584 3.30852 1550136039.584951.jpg
1550136039.738185 -3.10112 47.4435 3.30968 1550136039.738185.jpg
1550136039.925493 -3.18859 47.4286 3.31083 1550136039.925493.jpg
1550136040.060374 -3.29693 47.4101 3.31225 1550136040.060374.jpg
1550136040.341458 -3.38149 47.3955 3.31335 1550136040.341458.jpg
1550136040.478303 -3.54405 47.3671 3.3154 1550136040.478303.jpg
1550136040.619992 -3.69003 47.3414 3.31723 1550136040.619992.jpg
1550136040.769963 -3.75093 47.3306 3.31799 1550136040.769963.jpg
1550136040.929602 -3.88604 47.3064 3.31969 1550136040.929602.jpg
1550136041.089893 -3.98017 47.2894 3.32087 1550136041.089893.jpg
1550136041.259246 -3.98017 47.2894 3.32087 1550136041.259246.jpg
1550136041.409762 -4.07017 47.2731 3.32201 1550136041.409762.jpg
1550136041.595398 -4.17789 47.2533 3.32354 1550136041.595398.jpg
1550136041.759582 -4.35089 47.2213 3.32657 1550136041.759582.jpg
1550136041.961668 -4.39387 47.2133 3.32747 1550136041.961668.jpg
1550136042.107888 -4.47042 47.1988 3.32913 1550136042.107888.jpg
1550136042.313394 -4.56203 47.1814 3.3311 1550136042.313394.jpg
1550136042.465790 -4.73578 47.1477 3.33479 1550136042.465790.jpg
1550136042.650712 -4.78112 47.1389 3.33575 1550136042.650712.jpg
1550136042.817740 -4.85955 47.1234 3.33742 1550136042.817740.jpg
1550136043.026281 -4.95061 47.1053 3.3392 1550136043.026281.jpg
1550136043.217690 -5.09611 47.076 3.34205 1550136043.217690.jpg
1550136043.385458 -5.17226 47.0604 3.34353 1550136043.385458.jpg
1550136043.520251 -5.25967 47.0425 3.34522 1550136043.520251.jpg
1550136043.729161 -5.33331 47.0273 3.34665 1550136043.729161.jpg
1550136043.869593 -5.51787 46.9886 3.35022 1550136043.869593.jpg
1550136044.021386 -5.61126 46.9687 3.35203 1550136044.021386.jpg
1550136044.195834 -5.72566 46.9442 3.35425 1550136044.195834.jpg
1550136044.334514 -5.81828 46.9241 3.35605 1550136044.334514.jpg
1550136044.521464 -5.91631 46.9027 3.35795 1550136044.521464.jpg
1550136044.681269 -5.99444 46.8855 3.35946 1550136044.681269.jpg
1550136044.844932 -6.04872 46.8735 3.36052 1550136044.844932.jpg
1550136044.993539 -6.15534 46.8497 3.36259 1550136044.993539.jpg
1550136045.161435 -6.26612 46.8247 3.36474 1550136045.161435.jpg
1550136045.297497 -6.42147 46.7892 3.36776 1550136045.297497.jpg
1550136045.461003 -6.55811 46.7577 3.37042 1550136045.461003.jpg
1550136045.618307 -6.69364 46.7259 3.37306 1550136045.618307.jpg
1550136045.817413 -6.69364 46.7259 3.37306 1550136045.817413.jpg
1550136045.995299 -6.8257 46.6947 3.37563 1550136045.995299.jpg
1550136046.214297 -6.98547 46.6564 3.37872 1550136046.214297.jpg
1550136046.349719 -7.1209 46.6235 3.38133 1550136046.349719.jpg
1550136046.534401 -7.22737 46.5974 3.38339 1550136046.534401.jpg
1550136046.687115 -7.36209 46.5641 3.386 1550136046.687115.jpg
1550136046.862630 -7.47414 46.536 3.38817 1550136046.862630.jpg
1550136047.004243 -7.57349 46.5109 3.3901 1550136047.004243.jpg
1550136047.168669 -7.71708 46.4743 3.39289 1550136047.168669.jpg
1550136047.308973 -7.81957 46.4479 3.39612 1550136047.308973.jpg
1550136047.457995 -7.9604 46.4109 3.40169 1550136047.457995.jpg
1550136047.634370 -8.06036 46.3842 3.407 1550136047.634370.jpg
1550136047.762704 -8.2707 46.3258 3.42059 1550136047.762704.jpg
1550136047.947670 -8.32872 46.3092 3.42622 1550136047.947670.jpg
1550136048.120767 -8.43466 46.2777 3.43651 1550136048.120767.jpg
1550136048.251380 -8.56063 46.2388 3.4488 1550136048.251380.jpg
1550136048.441403 -8.68333 46.1992 3.46081 1550136048.441403.jpg
1550136048.603573 -8.8854 46.1296 3.49029 1550136048.603573.jpg
1550136048.849470 -8.93236 46.1124 3.4975 1550136048.849470.jpg
1550136049.017691 -9.13629 46.0334 3.53075 1550136049.017691.jpg
1550136049.152733 -9.24502 45.988 3.5495 1550136049.152733.jpg
1550136049.290595 -9.35632 45.9389 3.56982 1550136049.290595.jpg
1550136049.441076 -9.44146 45.8994 3.58548 1550136049.441076.jpg
1550136049.597941 -9.52133 45.8611 3.60026 1550136049.597941.jpg
1550136049.746900 -9.64166 45.8003 3.6234 1550136049.746900.jpg
1550136049.878256 -9.74057 45.7477 3.64274 1550136049.878256.jpg
1550136050.044206 -9.84339 45.6904 3.66307 1550136050.044206.jpg
1550136050.214236 -9.94101 45.6333 3.68475 1550136050.214236.jpg
1550136050.388899 -10.0603 45.5596 3.71189 1550136050.388899.jpg
1550136050.546277 -10.1316 45.5133 3.7288 1550136050.546277.jpg
1550136050.728226 -10.2063 45.463 3.74721 1550136050.728226.jpg
1550136050.865148 -10.3019 45.3958 3.77115 1550136050.865148.jpg
1550136051.162498 -10.3942 45.3274 3.7947 1550136051.162498.jpg
1550136051.307876 -10.5861 45.1737 3.84514 1550136051.307876.jpg
1550136051.492097 -10.6239 45.1417 3.85531 1550136051.492097.jpg
1550136051.661540 -10.6669 45.1042 3.86701 1550136051.661540.jpg
1550136051.834915 -10.7881 44.9936 3.90069 1550136051.834915.jpg
1550136051.993068 -10.8397 44.9442 3.91544 1550136051.993068.jpg
1550136052.153787 -10.9519 44.8317 3.94848 1550136052.153787.jpg
1550136052.305453 -11.0307 44.7478 3.97249 1550136052.305453.jpg
1550136052.440868 -11.1383 44.6264 4.00709 1550136052.440868.jpg
1550136052.618459 -11.1734 44.5852 4.01869 1550136052.618459.jpg
1550136052.773104 -11.2144 44.5355 4.03276 1550136052.773104.jpg
1550136052.924026 -11.3039 44.4219 4.0646 1550136052.924026.jpg
1550136053.097158 -11.3822 44.316 4.09388 1550136053.097158.jpg
1550136053.230304 -11.4412 44.2317 4.11685 1550136053.230304.jpg
1550136053.360640 -11.5145 44.1208 4.14673 1550136053.360640.jpg
1550136053.545690 -11.5702 44.0313 4.17053 1550136053.545690.jpg
1550136053.681085 -11.6244 43.9393 4.19462 1550136053.681085.jpg
1550136053.881068 -11.6982 43.8053 4.22921 1550136053.881068.jpg
1550136054.049884 -11.8353 43.5223 4.30027 1550136054.049884.jpg
1550136054.253444 -11.8877 43.3987 4.3306 1550136054.253444.jpg
1550136054.423256 -11.9466 43.2453 4.36771 1550136054.423256.jpg
1550136054.594961 -11.9466 43.2453 4.36771 1550136054.594961.jpg
1550136054.776267 -12.0126 43.05 4.41426 1550136054.776267.jpg
1550136054.938063 -12.0617 42.8808 4.45405 1550136054.938063.jpg
1550136055.215426 -12.0977 42.7382 4.48727 1550136055.215426.jpg
1550136055.374557 -12.1432 42.5197 4.53764 1550136055.374557.jpg
1550136055.538430 -12.1649 42.3878 4.5677 1550136055.538430.jpg
1550136055.721443 -12.1835 42.2487 4.59929 1550136055.721443.jpg
1550136055.906799 -12.1981 42.1052 4.63137 1550136055.906799.jpg
1550136056.173441 -12.2113 41.8879 4.67943 1550136056.173441.jpg
1550136056.322743 -12.214 41.6435 4.72915 1550136056.322743.jpg
1550136056.454718 -12.2107 41.5128 4.75298 1550136056.454718.jpg
1550136056.769631 -12.2047 41.39 4.77387 1550136056.769631.jpg
1550136056.890683 -12.1942 41.241 4.79766 1550136056.890683.jpg
1550136057.036468 -12.1839 41.1279 4.81374 1550136057.036468.jpg
1550136057.203101 -12.1684 40.987 4.83279 1550136057.203101.jpg
1550136057.349086 -12.1447 40.8037 4.85145 1550136057.349086.jpg
1550136057.550589 -12.1447 40.8037 4.85145 1550136057.550589.jpg
1550136057.735981 -12.1248 40.6658 4.86341 1550136057.735981.jpg
1550136057.913465 -12.0789 40.3829 4.88478 1550136057.913465.jpg
1550136058.103464 -12.0699 40.3309 4.8886 1550136058.103464.jpg
1550136058.262980 -12.0538 40.242 4.89516 1550136058.262980.jpg
1550136058.400573 -12.0213 40.0708 4.90673 1550136058.400573.jpg
1550136058.553246 -11.9973 39.9506 4.9144 1550136058.553246.jpg
1550136058.679379 -11.9664 39.8025 4.92319 1550136058.679379.jpg
1550136058.882969 -11.9446 39.7014 4.92886 1550136058.882969.jpg
1550136059.046371 -11.9278 39.6255 4.93255 1550136059.046371.jpg
1550136059.191800 -11.9052 39.5249 4.937 1550136059.191800.jpg
1550136059.329741 -11.8745 39.3922 4.94287 1550136059.329741.jpg
1550136059.555764 -11.8375 39.2355 4.94616 1550136059.555764.jpg
1550136059.749573 -11.8002 39.0796 4.94877 1550136059.749573.jpg
1550136059.884695 -11.7794 38.9933 4.95004 1550136059.884695.jpg
1550136060.059009 -11.7382 38.8238 4.95244 1550136060.059009.jpg
1550136060.347205 -11.6913 38.6332 4.95481 1550136060.347205.jpg
1550136060.484970 -11.6536 38.4812 4.95635 1550136060.484970.jpg
1550136060.659399 -11.6245 38.3642 4.95738 1550136060.659399.jpg
1550136060.854259 -11.568 38.1392 4.95927 1550136060.854259.jpg
1550136061.031230 -11.5529 38.079 4.95991 1550136061.031230.jpg
1550136061.161747 -11.5343 38.0056 4.96093 1550136061.161747.jpg
1550136061.309396 -11.5059 37.8941 4.96281 1550136061.309396.jpg
1550136061.512150 -11.4726 37.7644 4.96506 1550136061.512150.jpg
1550136061.703328 -11.44 37.6386 4.96765 1550136061.703328.jpg
1550136061.890542 -11.4128 37.5347 4.96985 1550136061.890542.jpg
1550136062.029924 -11.346 37.2833 4.97433 1550136062.029924.jpg
1550136062.233256 -11.3231 37.1978 4.97516 1550136062.233256.jpg
1550136062.419848 -11.3231 37.1978 4.97516 1550136062.419848.jpg
1550136062.554430 -11.2833 37.0502 4.97555 1550136062.554430.jpg
1550136062.748916 -11.2594 36.9612 4.9755 1550136062.748916.jpg
1550136062.901246 -11.2253 36.8347 4.9753 1550136062.901246.jpg
1550136063.037269 -11.1845 36.683 4.97482 1550136063.037269.jpg
1550136063.185970 -11.1555 36.5751 4.97447 1550136063.185970.jpg
1550136063.343229 -11.1323 36.4886 4.97418 1550136063.343229.jpg
1550136063.479378 -11.0906 36.3327 4.97367 1550136063.479378.jpg
1550136063.603432 -11.06 36.2181 4.97329 1550136063.603432.jpg
1550136063.830154 -11.0237 36.0822 4.97284 1550136063.830154.jpg
1550136063.993755 -11.0237 36.0822 4.97284 1550136063.993755.jpg
1550136064.166814 -10.9876 35.9465 4.9724 1550136064.166814.jpg
1550136064.379966 -10.957 35.8316 4.97203 1550136064.379966.jpg
1550136064.526664 -10.9018 35.6237 4.97149 1550136064.526664.jpg
1550136064.685885 -10.8633 35.4782 4.97131 1550136064.685885.jpg
1550136064.850185 -10.8633 35.4782 4.97131 1550136064.850185.jpg
1550136065.016664 -10.837 35.3787 4.97128 1550136065.016664.jpg
1550136065.185305 -10.7712 35.1306 4.97126 1550136065.185305.jpg
1550136065.328249 -10.745 35.0316 4.97126 1550136065.328249.jpg
1550136065.603333 -10.7049 34.88 4.97126 1550136065.603333.jpg
1550136065.805616 -10.6652 34.73 4.97126 1550136065.805616.jpg
1550136066.007193 -10.6182 34.5527 4.97126 1550136066.007193.jpg
1550136066.136266 -10.5653 34.353 4.97126 1550136066.136266.jpg
1550136066.310068 -10.5475 34.2856 4.97126 1550136066.310068.jpg
1550136066.474494 -10.5253 34.2019 4.97126 1550136066.474494.jpg
1550136066.657965 -10.4842 34.0468 4.97126 1550136066.657965.jpg
1550136066.852456 -10.4534 33.9302 4.97126 1550136066.852456.jpg
1550136067.020844 -10.4087 33.7616 4.97126 1550136067.020844.jpg
1550136067.200629 -10.3437 33.5159 4.97126 1550136067.200629.jpg
1550136067.419079 -10.3113 33.3937 4.97126 1550136067.419079.jpg
1550136067.547285 -10.2777 33.2668 4.97126 1550136067.547285.jpg
1550136067.715193 -10.2403 33.1255 4.97126 1550136067.715193.jpg
1550136067.847288 -10.2022 32.9815 4.97126 1550136067.847288.jpg
1550136068.057105 -10.168 32.8524 4.97126 1550136068.057105.jpg
1550136068.231353 -10.168 32.8524 4.97126 1550136068.231353.jpg
1550136068.407543 -10.1309 32.7125 4.97126 1550136068.407543.jpg
1550136068.570860 -10.0988 32.5912 4.97126 1550136068.570860.jpg
1550136068.704468 -10.0734 32.4955 4.97126 1550136068.704468.jpg
1550136068.849143 -10.0472 32.3966 4.97126 1550136068.849143.jpg
1550136069.037858 -10.0061 32.241 4.97126 1550136069.037858.jpg
1550136069.169433 -9.97369 32.1188 4.97126 1550136069.169433.jpg
1550136069.331774 -9.9462 32.015 4.97126 1550136069.331774.jpg
1550136069.471318 -9.91141 31.8836 4.97126 1550136069.471318.jpg
1550136069.598669 -9.85769 31.6808 4.97126 1550136069.598669.jpg
1550136069.784060 -9.84355 31.6273 4.97126 1550136069.784060.jpg
1550136069.965220 -9.81756 31.5292 4.97126 1550136069.965220.jpg
1550136070.140789 -9.77402 31.3648 4.97126 1550136070.140789.jpg
1550136070.306824 -9.72996 31.1984 4.97126 1550136070.306824.jpg
1550136070.466434 -9.66839 30.9659 4.97126 1550136070.466434.jpg
1550136070.710629 -9.65144 30.9019 4.97126 1550136070.710629.jpg
1550136070.860626 -9.6202 30.7839 4.97126 1550136070.860626.jpg
1550136071.081410 -9.58646 30.6565 4.97126 1550136071.081410.jpg
1550136071.247694 -9.51681 30.3935 4.97157 1550136071.247694.jpg
1550136071.377685 -9.48959 30.2909 4.97193 1550136071.377685.jpg
1550136071.557848 -9.47464 30.2346 4.97217 1550136071.557848.jpg
1550136071.674783 -9.44563 30.1256 4.97273 1550136071.674783.jpg
1550136071.850204 -9.41208 29.9997 4.97341 1550136071.850204.jpg
1550136071.991135 -9.37202 29.8499 4.97421 1550136071.991135.jpg
1550136072.138630 -9.32298 29.6672 4.97526 1550136072.138630.jpg
1550136072.317982 -9.30815 29.6121 4.9756 1550136072.317982.jpg
1550136072.463450 -9.27131 29.4756 4.97654 1550136072.463450.jpg
1550136072.613173 -9.24362 29.3733 4.97725 1550136072.613173.jpg
1550136072.748568 -9.22252 29.2956 4.97779 1550136072.748568.jpg
1550136072.926562 -9.17991 29.1391 4.97887 1550136072.926562.jpg
1550136073.110272 -9.14457 29.0097 4.97975 1550136073.110272.jpg
1550136073.243234 -9.06234 28.7106 4.98168 1550136073.243234.jpg
1550136073.374393 -9.02521 28.5762 4.98254 1550136073.374393.jpg
1550136073.620771 -9.02521 28.5762 4.98254 1550136073.620771.jpg
1550136073.789027 -8.98667 28.4372 4.98342 1550136073.789027.jpg
1550136073.976833 -8.93331 28.2455 4.98463 1550136073.976833.jpg
1550136074.164223 -8.89651 28.1138 4.98544 1550136074.164223.jpg
1550136074.341562 -8.85178 27.9543 4.98621 1550136074.341562.jpg
1550136074.509933 -8.81367 27.8187 4.98679 1550136074.509933.jpg
1550136074.679839 -8.76683 27.6525 4.98748 1550136074.679839.jpg
1550136074.860333 -8.72143 27.4918 4.98815 1550136074.860333.jpg
1550136075.064140 -8.67266 27.3196 4.98887 1550136075.064140.jpg
1550136075.181461 -8.63728 27.195 4.98927 1550136075.181461.jpg
1550136075.326018 -8.56766 26.9502 4.9897 1550136075.326018.jpg
1550136075.500392 -8.56766 26.9502 4.9897 1550136075.500392.jpg
1550136075.690951 -8.52877 26.8136 4.98983 1550136075.690951.jpg
1550136075.824239 -8.49066 26.6798 4.98994 1550136075.824239.jpg
1550136076.011693 -8.45234 26.5453 4.99005 1550136076.011693.jpg
1550136076.162999 -8.38313 26.3025 4.99015 1550136076.162999.jpg
1550136076.425413 -8.34451 26.1671 4.99015 1550136076.425413.jpg
1550136076.595560 -8.30716 26.0361 4.99015 1550136076.595560.jpg
1550136076.769570 -8.26012 25.8711 4.99016 1550136076.769570.jpg
1550136076.977424 -8.20755 25.6868 4.99016 1550136076.977424.jpg
1550136077.192646 -8.14612 25.4713 4.99017 1550136077.192646.jpg
1550136077.370840 -8.09891 25.3058 4.99017 1550136077.370840.jpg
1550136077.527431 -8.05362 25.147 4.99018 1550136077.527431.jpg
1550136077.673466 -8.01405 25.0082 4.99018 1550136077.673466.jpg
1550136077.804765 -7.98288 24.8989 4.99021 1550136077.804765.jpg
1550136077.978450 -7.96447 24.8343 4.99022 1550136077.978450.jpg
1550136078.110999 -7.92759 24.705 4.99026 1550136078.110999.jpg
1550136078.282711 -7.8893 24.5708 4.99029 1550136078.282711.jpg
1550136078.489396 -7.85879 24.4638 4.99031 1550136078.489396.jpg
1550136078.630433 -7.76226 24.1256 4.9904 1550136078.630433.jpg
1550136078.850347 -7.76226 24.1256 4.9904 1550136078.850347.jpg
1550136079.034238 -7.68193 23.8441 4.99046 1550136079.034238.jpg
1550136079.185650 -7.64644 23.7198 4.99049 1550136079.185650.jpg
1550136079.370586 -7.60996 23.592 4.99053 1550136079.370586.jpg
1550136079.534206 -7.55051 23.3839 4.99058 1550136079.534206.jpg
1550136079.728150 -7.55051 23.3839 4.99058 1550136079.728150.jpg
1550136079.950016 -7.51504 23.2597 4.99061 1550136079.950016.jpg
1550136080.169453 -7.43492 22.9792 4.99067 1550136080.169453.jpg
1550136080.327579 -7.41895 22.9233 4.99069 1550136080.327579.jpg
1550136080.497911 -7.40038 22.8583 4.9907 1550136080.497911.jpg
1550136080.643576 -7.35986 22.7165 4.99074 1550136080.643576.jpg
1550136080.814357 -7.32329 22.5885 4.99077 1550136080.814357.jpg
1550136081.001259 -7.28214 22.4446 4.9908 1550136081.001259.jpg
1550136081.136509 -7.24893 22.3284 4.99081 1550136081.136509.jpg
1550136081.266825 -7.18876 22.1178 4.99067 1550136081.266825.jpg
1550136081.464960 -7.18876 22.1178 4.99067 1550136081.464960.jpg
1550136081.629456 -7.16193 22.0239 4.99059 1550136081.629456.jpg
1550136081.783371 -7.08732 21.7626 4.99035 1550136081.783371.jpg
1550136081.952556 -7.04845 21.6264 4.99023 1550136081.952556.jpg
1550136082.142049 -7.02844 21.5562 4.99017 1550136082.142049.jpg
1550136082.317488 -6.9898 21.4207 4.99005 1550136082.317488.jpg
1550136082.579153 -6.96323 21.3274 4.98997 1550136082.579153.jpg
1550136082.717526 -6.89919 21.1026 4.98977 1550136082.717526.jpg
1550136082.856721 -6.86118 20.9691 4.98965 1550136082.856721.jpg
1550136083.047408 -6.86118 20.9691 4.98965 1550136083.047408.jpg
1550136083.219726 -6.81905 20.821 4.98952 1550136083.219726.jpg
1550136083.374319 -6.77825 20.6775 4.98939 1550136083.374319.jpg
1550136083.515778 -6.75354 20.5906 4.98931 1550136083.515778.jpg
1550136083.753541 -6.69669 20.3905 4.98913 1550136083.753541.jpg
1550136084.066000 -6.66642 20.284 4.98904 1550136084.066000.jpg
1550136084.207297 -6.63538 20.1746 4.98894 1550136084.207297.jpg
1550136084.363992 -6.59435 20.03 4.98881 1550136084.363992.jpg
1550136084.545145 -6.56869 19.9396 4.98873 1550136084.545145.jpg
1550136084.721785 -6.53256 19.8122 4.98862 1550136084.721785.jpg
1550136084.842095 -6.48917 19.6591 4.98848 1550136084.842095.jpg
1550136085.118591 -6.46522 19.5745 4.98841 1550136085.118591.jpg
1550136085.260762 -6.41015 19.38 4.98824 1550136085.260762.jpg
1550136085.422661 -6.39632 19.3312 4.98819 1550136085.422661.jpg
1550136085.578652 -6.36769 19.23 4.9881 1550136085.578652.jpg
1550136085.731879 -6.34329 19.1438 4.98803 1550136085.731879.jpg
1550136085.936637 -6.29891 18.9868 4.98789 1550136085.936637.jpg
1550136086.109959 -6.26933 18.8822 4.98779 1550136086.109959.jpg
1550136086.302999 -6.23296 18.7534 4.98768 1550136086.302999.jpg
1550136086.480125 -6.17628 18.5527 4.9875 1550136086.480125.jpg
1550136086.652759 -6.13292 18.399 4.98736 1550136086.652759.jpg
1550136086.791382 -6.09685 18.2712 4.98725 1550136086.791382.jpg
1550136086.995623 -6.09685 18.2712 4.98725 1550136086.995623.jpg
1550136087.193430 -6.04087 18.0726 4.98707 1550136087.193430.jpg
1550136087.341805 -6.01041 17.9645 4.98698 1550136087.341805.jpg
1550136087.489497 -5.98542 17.8758 4.9869 1550136087.489497.jpg
1550136087.623154 -5.94574 17.7349 4.98677 1550136087.623154.jpg
1550136087.773534 -5.91077 17.6106 4.98666 1550136087.773534.jpg
1550136087.956253 -5.86735 17.4563 4.98653 1550136087.956253.jpg
1550136088.137544 -5.82558 17.3077 4.98639 1550136088.137544.jpg
1550136088.384755 -5.82558 17.3077 4.98639 1550136088.384755.jpg
1550136088.581645 -5.79244 17.1898 4.98629 1550136088.581645.jpg
1550136088.895731 -5.74767 17.0304 4.98615 1550136088.895731.jpg
1550136089.024780 -5.70558 16.8805 4.98602 1550136089.024780.jpg
1550136089.256225 -5.67091 16.7569 4.98591 1550136089.256225.jpg
1550136089.420606 -5.63071 16.6136 4.98578 1550136089.420606.jpg
1550136089.637200 -5.6068 16.5284 4.9857 1550136089.637200.jpg
1550136089.761940 -5.54596 16.3113 4.98551 1550136089.761940.jpg
1550136089.938942 -5.53426 16.2695 4.98547 1550136089.938942.jpg
1550136090.070643 -5.51151 16.1882 4.9854 1550136090.070643.jpg
1550136090.233417 -5.47969 16.0746 4.9853 1550136090.233417.jpg
1550136090.413391 -5.44903 15.965 4.9852 1550136090.413391.jpg
1550136090.575858 -5.38017 15.7188 4.98498 1550136090.575858.jpg
1550136090.754023 -5.38017 15.7188 4.98498 1550136090.754023.jpg
1550136090.926870 -5.34159 15.5808 4.98486 1550136090.926870.jpg
1550136091.115861 -5.27643 15.3475 4.98466 1550136091.115861.jpg
1550136091.294435 -5.261 15.2923 4.98461 1550136091.294435.jpg
1550136091.430282 -5.23622 15.2035 4.98454 1550136091.430282.jpg
1550136091.625552 -5.19137 15.0427 4.9844 1550136091.625552.jpg
1550136091.862830 -5.14369 14.8717 4.98425 1550136091.862830.jpg
1550136092.071649 -5.10528 14.7339 4.98413 1550136092.071649.jpg
1550136092.249048 -5.07331 14.6192 4.98403 1550136092.249048.jpg
1550136092.429142 -5.0416 14.5053 4.98394 1550136092.429142.jpg
1550136092.584991 -5.0041 14.3706 4.98382 1550136092.584991.jpg
1550136092.745450 -4.97086 14.2512 4.98372 1550136092.745450.jpg
1550136092.936715 -4.8977 13.9881 4.98349 1550136092.936715.jpg
1550136093.134461 -4.8977 13.9881 4.98349 1550136093.134461.jpg
1550136093.317830 -4.84934 13.814 4.98334 1550136093.317830.jpg
1550136093.532619 -4.81682 13.697 4.98324 1550136093.532619.jpg
1550136093.682638 -4.7687 13.5236 4.98309 1550136093.682638.jpg
1550136093.814764 -4.71882 13.3438 4.98294 1550136093.814764.jpg
1550136094.007758 -4.71882 13.3438 4.98294 1550136094.007758.jpg
1550136094.269488 -4.65172 13.1018 4.98273 1550136094.269488.jpg
1550136094.498447 -4.61104 12.955 4.9826 1550136094.498447.jpg
1550136094.663320 -4.57096 12.8103 4.98253 1550136094.663320.jpg
1550136094.836480 -4.51378 12.6038 4.98276 1550136094.836480.jpg
1550136094.983106 -4.48026 12.4829 4.98295 1550136094.983106.jpg
1550136095.269470 -4.41131 12.2345 4.98333 1550136095.269470.jpg
1550136095.444370 -4.39746 12.1846 4.98341 1550136095.444370.jpg
1550136095.577934 -4.36248 12.0588 4.9836 1550136095.577934.jpg
1550136095.759915 -4.34364 11.9911 4.98371 1550136095.759915.jpg
1550136095.895486 -4.28423 11.7776 4.98403 1550136095.895486.jpg
1550136096.203294 -4.24547 11.6385 4.98425 1550136096.203294.jpg
1550136096.372500 -4.21255 11.5204 4.98443 1550136096.372500.jpg
1550136096.510803 -4.18458 11.4202 4.98458 1550136096.510803.jpg
1550136096.661469 -4.15471 11.3132 4.98475 1550136096.661469.jpg
1550136096.801467 -4.11583 11.174 4.98496 1550136096.801467.jpg
1550136096.995335 -4.08696 11.0708 4.98512 1550136096.995335.jpg
1550136097.117705 -4.06635 10.9971 4.98523 1550136097.117705.jpg
1550136097.269057 -4.03062 10.8694 4.98543 1550136097.269057.jpg
1550136097.448191 -3.99524 10.7431 4.98562 1550136097.448191.jpg
1550136097.579494 -3.95966 10.6162 4.98582 1550136097.579494.jpg
1550136097.877265 -3.93113 10.5145 4.98597 1550136097.877265.jpg
1550136098.037815 -3.89571 10.3883 4.98616 1550136098.037815.jpg
1550136098.223425 -3.86907 10.2935 4.98631 1550136098.223425.jpg
1550136098.385410 -3.81617 10.1053 4.9866 1550136098.385410.jpg
1550136098.518362 -3.79016 10.0128 4.98674 1550136098.518362.jpg
1550136098.728773 -3.76463 9.92213 4.98688 1550136098.728773.jpg
1550136098.865309 -3.73928 9.83215 4.98702 1550136098.865309.jpg
1550136099.046476 -3.72916 9.79622 4.98707 1550136099.046476.jpg
1550136099.194769 -3.70329 9.70443 4.98721 1550136099.194769.jpg
1550136099.361509 -3.68772 9.64921 4.9873 1550136099.361509.jpg
1550136099.527521 -3.65591 9.53648 4.98747 1550136099.527521.jpg
1550136099.689680 -3.63459 9.46095 4.98759 1550136099.689680.jpg
1550136099.839839 -3.59822 9.33217 4.98779 1550136099.839839.jpg
1550136099.989256 -3.57721 9.25785 4.9879 1550136099.989256.jpg
1550136100.124763 -3.55142 9.16664 4.98804 1550136100.124763.jpg
1550136100.323492 -3.51705 9.04515 4.98823 1550136100.323492.jpg
1550136100.513832 -3.475 8.89663 4.98845 1550136100.513832.jpg
1550136100.654747 -3.43289 8.74803 4.98868 1550136100.654747.jpg
1550136100.804693 -3.40227 8.64008 4.98885 1550136100.804693.jpg
1550136100.975068 -3.39105 8.60052 4.98891 1550136100.975068.jpg
1550136101.106794 -3.35643 8.47858 4.9891 1550136101.106794.jpg
1550136101.276406 -3.32508 8.36822 4.98926 1550136101.276406.jpg
1550136101.453739 -3.29963 8.27869 4.9894 1550136101.453739.jpg
1550136101.628814 -3.23505 8.05167 4.98975 1550136101.628814.jpg
1550136101.827690 -3.23505 8.05167 4.98975 1550136101.827690.jpg
1550136101.946504 -3.1951 7.91137 4.98997 1550136101.946504.jpg
1550136102.143115 -3.16227 7.7962 4.99014 1550136102.143115.jpg
1550136102.423871 -3.10281 7.58776 4.99046 1550136102.423871.jpg
1550136102.565864 -3.06178 7.44406 4.99068 1550136102.565864.jpg
1550136102.773733 -3.01279 7.27267 4.99095 1550136102.773733.jpg
1550136102.915337 -2.98386 7.17155 4.9911 1550136102.915337.jpg
1550136103.059927 -2.94716 7.04332 4.9913 1550136103.059927.jpg
1550136103.228044 -2.90835 6.90784 4.99151 1550136103.228044.jpg
1550136103.396466 -2.89083 6.84673 4.9916 1550136103.396466.jpg
1550136103.525511 -2.84162 6.67515 4.99186 1550136103.525511.jpg
1550136103.673895 -2.80807 6.55828 4.99204 1550136103.673895.jpg
1550136103.856248 -2.76979 6.42501 4.99225 1550136103.856248.jpg
1550136104.086815 -2.72718 6.2768 4.99248 1550136104.086815.jpg
1550136104.255631 -2.69111 6.15145 4.99267 1550136104.255631.jpg
1550136104.472994 -2.64827 6.00267 4.9929 1550136104.472994.jpg
1550136104.639649 -2.59811 5.82863 4.99317 1550136104.639649.jpg
1550136104.766771 -2.56248 5.70513 4.99336 1550136104.766771.jpg
1550136104.956815 -2.54087 5.63025 4.99347 1550136104.956815.jpg
1550136105.124615 -2.50671 5.51196 4.99365 1550136105.124615.jpg
1550136105.258693 -2.44502 5.29856 4.99398 1550136105.258693.jpg
1550136105.541721 -2.41037 5.1788 4.99416 1550136105.541721.jpg
1550136105.723554 -2.35817 4.99856 4.99444 1550136105.723554.jpg
1550136105.889219 -2.32693 4.89075 4.99461 1550136105.889219.jpg
1550136106.058212 -2.28472 4.74526 4.99483 1550136106.058212.jpg
1550136106.269490 -2.25552 4.64464 4.99499 1550136106.269490.jpg
1550136106.389799 -2.18437 4.39977 4.99543 1550136106.389799.jpg
1550136106.574325 -2.18437 4.39977 4.99543 1550136106.574325.jpg
1550136106.713279 -2.151 4.28508 4.99578 1550136106.713279.jpg
1550136106.999830 -2.0518 3.94546 4.99795 1550136106.999830.jpg
1550136107.185477 -2.02643 3.85918 4.99906 1550136107.185477.jpg
1550136107.331592 -1.9814 3.707 5.0017 1550136107.331592.jpg
1550136107.473294 -1.95607 3.62207 5.00351 1550136107.473294.jpg
1550136107.679503 -1.92518 3.51931 5.00583 1550136107.679503.jpg
1550136107.823068 -1.88752 3.39514 5.00864 1550136107.823068.jpg
1550136108.019519 -1.87558 3.356 5.00952 1550136108.019519.jpg
1550136108.171237 -1.83403 3.22095 5.01258 1550136108.171237.jpg
1550136108.324222 -1.80924 3.14103 5.01438 1550136108.324222.jpg
1550136108.456250 -1.77948 3.04576 5.01657 1550136108.456250.jpg
1550136108.585444 -1.75005 2.95229 5.01887 1550136108.585444.jpg
1550136108.765831 -1.73696 2.91093 5.01991 1550136108.765831.jpg
1550136108.926325 -1.70404 2.80768 5.02274 1550136108.926325.jpg
1550136109.059584 -1.66909 2.69917 5.02604 1550136109.059584.jpg
1550136109.359517 -1.6381 2.604 5.0294 1550136109.359517.jpg
1550136109.534789 -1.60691 2.50934 5.03319 1550136109.534789.jpg
1550136109.714520 -1.56047 2.37072 5.03993 1550136109.714520.jpg
1550136109.941236 -1.50774 2.21738 5.04909 1550136109.941236.jpg
1550136110.099698 -1.47955 2.13725 5.05463 1550136110.099698.jpg
1550136110.240710 -1.44382 2.03802 5.06322 1550136110.240710.jpg
1550136110.365406 -1.38487 1.87999 5.0785 1550136110.365406.jpg
1550136110.556916 -1.38487 1.87999 5.0785 1550136110.556916.jpg
1550136110.705437 -1.33934 1.76282 5.09211 1550136110.705437.jpg
1550136110.906358 -1.25951 1.56878 5.11685 1550136110.906358.jpg
1550136111.059885 -1.20733 1.44886 5.13332 1550136111.059885.jpg
1550136111.226678 -1.20733 1.44886 5.13332 1550136111.226678.jpg
1550136111.413093 -1.15395 1.33173 5.15081 1550136111.413093.jpg
1550136111.617548 -1.1073 1.23353 5.16625 1550136111.617548.jpg
1550136111.770649 -1.05022 1.11856 5.18478 1550136111.770649.jpg
1550136111.951193 -0.990646 1.00408 5.20559 1550136111.951193.jpg
1550136112.098346 -0.941449 0.914034 5.22318 1550136112.098346.jpg
1550136112.306385 -0.878821 0.804208 5.24527 1550136112.306385.jpg
1550136112.450704 -0.824015 0.712888 5.26502 1550136112.450704.jpg
1550136112.612101 -0.77735 0.638204 5.28151 1550136112.612101.jpg
1550136112.748189 -0.719798 0.549695 5.30126 1550136112.748189.jpg
1550136112.913247 -0.671211 0.477862 5.31728 1550136112.913247.jpg
1550136113.067214 -0.639061 0.431733 5.32756 1550136113.067214.jpg
1550136113.226562 -0.587949 0.360223 5.34356 1550136113.226562.jpg
1550136113.373035 -0.501296 0.244367 5.3699 1550136113.373035.jpg
1550136113.635012 -0.399842 0.116332 5.39965 1550136113.635012.jpg
1550136113.760456 -0.354243 0.0612792 5.41266 1550136113.760456.jpg
1550136113.894561 -0.293931 -0.00933613 5.42957 1550136113.894561.jpg
1550136114.039285 -0.233314 -0.0779358 5.44729 1550136114.039285.jpg
1550136114.192329 -0.173233 -0.143598 5.46525 1550136114.192329.jpg
1550136114.386057 -0.148687 -0.169747 5.47264 1550136114.386057.jpg
1550136114.527570 -0.0874832 -0.233179 5.49084 1550136114.527570.jpg
1550136114.766510 -0.0137546 -0.306679 5.51239 1550136114.766510.jpg
1550136114.990083 0.0499754 -0.367713 5.53066 1550136114.990083.jpg
1550136115.137911 0.116566 -0.429091 5.54942 1550136115.137911.jpg
1550136115.279609 0.137074 -0.44751 5.55513 1550136115.279609.jpg
1550136115.427293 0.146355 -0.455783 5.5577 1550136115.427293.jpg
1550136115.584191 0.158129 -0.466201 5.56096 1550136115.584191.jpg
1550136115.718956 0.158129 -0.466201 5.56096 1550136115.718956.jpg
1550136115.913597 0.158129 -0.466201 5.56096 1550136115.913597.jpg
1550136116.124088 0.158129 -0.466201 5.56096 1550136116.124088.jpg
1550136116.259073 0.158129 -0.466201 5.56096 1550136116.259073.jpg
1550136116.450659 0.158129 -0.466201 5.56096 1550136116.450659.jpg
1550136116.605857 0.158129 -0.466201 5.56096 1550136116.605857.jpg
1550136116.817879 0.158129 -0.466201 5.56096 1550136116.817879.jpg
1550136116.972986 0.158129 -0.466201 5.56096 1550136116.972986.jpg
1550136117.136220 0.158129 -0.466201 5.56096 1550136117.136220.jpg
1550136117.285449 0.158129 -0.466201 5.56096 1550136117.285449.jpg
1550136117.471828 0.158129 -0.466201 5.56096 1550136117.471828.jpg
1550136117.607399 0.158129 -0.466201 5.56096 1550136117.607399.jpg
1550136117.737442 0.162394 -0.469955 5.56215 1550136117.737442.jpg
1550136117.952707 0.162394 -0.469955 5.56215 1550136117.952707.jpg
1550136118.081100 0.193783 -0.497326 5.57099 1550136118.081100.jpg
1550136118.252445 0.220145 -0.519952 5.57847 1550136118.252445.jpg
1550136118.428016 0.247281 -0.5429 5.58616 1550136118.428016.jpg
1550136118.621519 0.258798 -0.55254 5.5894 1550136118.621519.jpg
1550136118.774837 0.298801 -0.585496 5.6008 1550136118.774837.jpg
1550136118.953430 0.336637 -0.615985 5.61159 1550136118.953430.jpg
1550136119.113311 0.405942 -0.670127 5.63137 1550136119.113311.jpg
1550136119.277419 0.405942 -0.670127 5.63137 1550136119.277419.jpg
1550136119.437414 0.513373 -0.749835 5.66201 1550136119.437414.jpg
1550136119.616630 0.513373 -0.749835 5.66201 1550136119.616630.jpg
1550136119.760356 0.566718 -0.787588 5.677 1550136119.760356.jpg
1550136119.933820 0.624867 -0.827406 5.69316 1550136119.933820.jpg
1550136120.069033 0.683084 -0.865893 5.70917 1550136120.069033.jpg
1550136120.224305 0.754035 -0.911014 5.72845 1550136120.224305.jpg
1550136120.382133 0.816842 -0.949365 5.74533 1550136120.382133.jpg
1550136120.569950 0.893952 -0.994512 5.76583 1550136120.569950.jpg
1550136120.710841 0.949606 -1.0258 5.78047 1550136120.710841.jpg
1550136120.851412 1.02043 -1.06415 5.79894 1550136120.851412.jpg
1550136121.000572 1.06171 -1.08568 5.80962 1550136121.000572.jpg
1550136121.185780 1.15324 -1.13159 5.83311 1550136121.185780.jpg
1550136121.309444 1.22203 -1.16425 5.85057 1550136121.309444.jpg
1550136121.475078 1.27741 -1.18948 5.86453 1550136121.475078.jpg
1550136121.598600 1.35196 -1.22198 5.88319 1550136121.598600.jpg
1550136121.776703 1.42446 -1.25204 5.90119 1550136121.776703.jpg
1550136121.955244 1.48688 -1.27668 5.91658 1550136121.955244.jpg
1550136122.079418 1.53934 -1.29654 5.92945 1550136122.079418.jpg
1550136122.227330 1.655 -1.33767 5.9576 1550136122.227330.jpg
1550136122.433455 1.655 -1.33767 5.9576 1550136122.433455.jpg
1550136122.713422 1.74813 -1.36817 5.98008 1550136122.713422.jpg
1550136122.874692 1.80983 -1.38709 5.99488 1550136122.874692.jpg
1550136123.039271 1.84826 -1.39834 6.00406 1550136123.039271.jpg
1550136123.168912 1.89917 -1.41268 6.0162 1550136123.168912.jpg
1550136123.339455 1.94189 -1.42419 6.02634 1550136123.339455.jpg
1550136123.485075 1.97215 -1.43207 6.03352 1550136123.485075.jpg
1550136123.657825 2.04176 -1.44938 6.04997 1550136123.657825.jpg
1550136123.829105 2.09033 -1.46072 6.06141 1550136123.829105.jpg
1550136123.973497 2.26439 -1.49666 6.10218 1550136123.973497.jpg
1550136124.190139 2.26439 -1.49666 6.10218 1550136124.190139.jpg
1550136124.364710 2.36131 -1.51352 6.12473 1550136124.364710.jpg
1550136124.533802 2.44114 -1.5257 6.14324 1550136124.533802.jpg
1550136124.716768 2.59474 -1.54503 6.17873 1550136124.716768.jpg
1550136125.001460 2.6808 -1.55349 6.19856 1550136125.001460.jpg
1550136125.171777 2.79993 -1.56238 6.22594 1550136125.171777.jpg
1550136125.315349 2.8714 -1.56601 6.24234 1550136125.315349.jpg
1550136125.497267 2.9703 -1.5692 6.26459 1550136125.497267.jpg
1550136125.682085 3.06388 -1.57022 6.28461 1550136125.682085.jpg
1550136125.815569 3.17684 -1.56896 6.30754 1550136125.815569.jpg
1550136125.977534 3.25942 -1.56643 6.32377 1550136125.977534.jpg
1550136126.238050 3.37497 -1.5607 6.3463 1550136126.238050.jpg
1550136126.445454 3.45946 -1.55483 6.3624 1550136126.445454.jpg
1550136126.599069 3.53637 -1.54829 6.37687 1550136126.599069.jpg
1550136126.761261 3.59823 -1.54219 6.38842 1550136126.761261.jpg
1550136126.939830 3.67902 -1.53318 6.40308 1550136126.939830.jpg
1550136127.110654 3.80248 -1.51711 6.42506 1550136127.110654.jpg
1550136127.274157 3.87587 -1.5063 6.4378 1550136127.274157.jpg
1550136127.425400 3.94629 -1.49505 6.44895 1550136127.425400.jpg
1550136127.599643 3.96733 -1.49153 6.4522 1550136127.599643.jpg
1550136127.730563 4.01574 -1.48314 6.45906 1550136127.730563.jpg
1550136127.918661 4.1019 -1.46746 6.47004 1550136127.918661.jpg
1550136128.095443 4.25494 -1.4373 6.4865 1550136128.095443.jpg
1550136128.291868 4.25494 -1.4373 6.4865 1550136128.291868.jpg
1550136128.457411 4.33027 -1.42159 6.49303 1550136128.457411.jpg
1550136128.647887 4.4221 -1.40177 6.49996 1550136128.647887.jpg
1550136128.820541 4.46251 -1.39283 6.50291 1550136128.820541.jpg
1550136128.999698 4.5644 -1.36977 6.51026 1550136128.999698.jpg
1550136129.183404 4.64844 -1.35014 6.51624 1550136129.183404.jpg
1550136129.298438 4.73285 -1.32991 6.52171 1550136129.298438.jpg
1550136129.425596 4.81858 -1.30889 6.52658 1550136129.425596.jpg
1550136129.593406 4.87748 -1.2942 6.52935 1550136129.593406.jpg
1550136129.761978 4.90434 -1.28746 6.53059 1550136129.761978.jpg
1550136129.908283 4.96296 -1.2726 6.53296 1550136129.908283.jpg
1550136130.040000 5.03389 -1.25444 6.53546 1550136130.040000.jpg
1550136130.220329 5.12749 -1.23018 6.53832 1550136130.220329.jpg
1550136130.395727 5.20758 -1.20923 6.54013 1550136130.395727.jpg
1550136130.680621 5.2731 -1.19199 6.5415 1550136130.680621.jpg
1550136130.809100 5.37931 -1.16383 6.54358 1550136130.809100.jpg
1550136131.087846 5.45956 -1.1424 6.54511 1550136131.087846.jpg
1550136131.259374 5.57007 -1.11267 6.54723 1550136131.259374.jpg
1550136131.526162 5.65714 -1.08907 6.549 1550136131.526162.jpg
1550136131.700475 5.78589 -1.05385 6.55174 1550136131.700475.jpg
1550136131.994665 5.83778 -1.03955 6.55287 1550136131.994665.jpg
1550136132.122077 5.96008 -1.0056 6.55553 1550136132.122077.jpg
1550136132.413293 6.03539 -0.984512 6.55717 1550136132.413293.jpg
1550136132.622493 6.09323 -0.968228 6.55842 1550136132.622493.jpg
1550136132.778504 6.1715 -0.946068 6.56012 1550136132.778504.jpg
1550136132.929435 6.24745 -0.924427 6.56177 1550136132.929435.jpg
1550136133.070213 6.32406 -0.902457 6.56342 1550136133.070213.jpg
1550136133.421618 6.36841 -0.88968 6.56438 1550136133.421618.jpg
1550136133.593175 6.44372 -0.867876 6.56599 1550136133.593175.jpg
1550136133.812575 6.52676 -0.843681 6.56776 1550136133.812575.jpg
1550136133.981888 6.57554 -0.82939 6.56875 1550136133.981888.jpg
1550136134.126513 6.6323 -0.812699 6.56989 1550136134.126513.jpg
1550136134.290974 6.67952 -0.798762 6.57079 1550136134.290974.jpg
1550136134.414202 6.78223 -0.768298 6.57234 1550136134.414202.jpg
1550136134.590509 6.82682 -0.755026 6.57279 1550136134.590509.jpg
1550136134.764354 6.85008 -0.748097 6.57295 1550136134.764354.jpg
1550136134.894576 6.89677 -0.734168 6.57328 1550136134.894576.jpg
1550136135.038102 6.93184 -0.723696 6.57347 1550136135.038102.jpg
1550136135.238782 6.97531 -0.710711 6.57338 1550136135.238782.jpg
1550136135.443938 7.01366 -0.69926 6.57331 1550136135.443938.jpg
1550136135.668806 7.03733 -0.692196 6.57326 1550136135.668806.jpg
1550136135.834268 7.04832 -0.688915 6.57324 1550136135.834268.jpg
1550136136.018163 7.05216 -0.687768 6.57323 1550136136.018163.jpg
1550136136.179048 7.05216 -0.687768 6.57323 1550136136.179048.jpg
1550136136.310482 7.05216 -0.687768 6.57323 1550136136.310482.jpg
1550136136.602393 7.05216 -0.687768 6.57323 1550136136.602393.jpg
1550136136.753561 7.05216 -0.687768 6.57323 1550136136.753561.jpg
1550136136.949592 7.05216 -0.687768 6.57323 1550136136.949592.jpg
1550136137.096677 7.05216 -0.687768 6.57323 1550136137.096677.jpg
1550136137.236886 7.05216 -0.687768 6.57323 1550136137.236886.jpg
1550136137.417042 7.05216 -0.687768 6.57323 1550136137.417042.jpg
1550136137.603090 7.05216 -0.687768 6.57323 1550136137.603090.jpg
1550136137.832070 7.05216 -0.687768 6.57323 1550136137.832070.jpg
1550136137.963813 7.05216 -0.687768 6.57323 1550136137.963813.jpg
1550136138.136321 7.05216 -0.687768 6.57323 1550136138.136321.jpg
1550136138.272244 7.05216 -0.687768 6.57323 1550136138.272244.jpg
1550136138.420815 7.05216 -0.687768 6.57323 1550136138.420815.jpg
1550136138.595791 7.05216 -0.687768 6.57323 1550136138.595791.jpg
1550136138.754980 7.05216 -0.687768 6.57323 1550136138.754980.jpg
1550136138.912338 7.05216 -0.687768 6.57323 1550136138.912338.jpg
1550136139.072027 7.05216 -0.687768 6.57323 1550136139.072027.jpg
